16 11
97 66 43 16 77 95 64 48 19 21 72 
7 74 4 30 55 28 69 87 60 94 33 
94 49 60 31 3 88 47 70 79 48 49 
94 13 70 25 21 81 70 63 49 62 26 
6 61 89 95 64 88 48 7 26 85 23 
71 38 3 62 26 81 50 74 17 44 50 
73 4 44 92 12 65 40 99 31 36 36 
49 40 87 56 22 15 15 67 72 66 26 
76 40 51 98 60 16 46 49 33 97 53 
87 59 95 53 38 90 3 7 20 71 71 
39 30 26 64 68 10 95 41 59 70 35 
19 28 95 1 41 39 13 74 24 79 33 
46 58 45 59 92 52 75 10 72 36 47 
56 99 66 41 34 51 69 47 22 11 44 
8 59 76 36 67 71 61 47 71 8 69 
19 39 33 96 94 82 21 87 28 74 32 
